1,1,1,1,1,5,5,9,9,10,14,14,15,20,21,22,22,23,26,26,26,26,29,31,31,33,33,35,36,36,37,37,38,41,41,42,43,47,47,47,50,52,56,59,61,64,65,65,66,67,67,70,71,72,75,79,83,83,84,84,85,86,86,88,88,90,91,94,96,96,97,97,101,104,104,105,105,107,110,111,111,115,118,119,121,125,125,128,128,129,129,129,130,132,133,133,135,136,136,137,137,138,141,141,141,144,146,147,148,148,148,149,150,151,151,152,153,154,157,158,161,164,166,169,171,171,173,175,176,178,180,180,180,181,187,191,194,196,198,201,201,201
1,1,1,1,1,5,5,9,9,10,14,14,15,20,21,22,22,23,26,26,26,26,29,31,31,33,33,35,36,36,37,37,38,41,41,42,43,47,47,47,50,52,56,59,61,64,65,65,66,67,67,70,71,72,75,79,83,83,84,84,85,86,86,88,88,90,91,94,96,96,97,98,101,104,104,107,107,107,110,118,120,124,124,125,127,130,133,138,139,140,141,142,145,147,150,151,152,153,156,157,160,161,162,163,165,166,169,169,173,173,180,180,181,183,187,190,192,195,195,201,201,205,207,209,222,225,226,228,229,230,231,232,235,237,237,237,240,242,249,251,252,252
2,2,2,2,3,7,7,11,11,11,15,16,16,22,23,23,23,25,28,27,28,28,30,32,32,35,34,37,38,38,38,38,40,43,43,44,44,48,48,48,51,53,57,60,62,66,67,66,68,68,69,71,72,73,76,81,84,84,86,86,87,87,88,90,89,91,93,96,97,98,98,100,102,106,105,108,108,109,112,120,121,126,125,126,129,132,135,139,141,141,143,144,147,148,152,152,154,155,157,159,162,163,163,165,166,168,171,171,174,174,181,182,182,184,189,192,193,196,197,203,202,206,209,210,223,227,228,230,230,231,233,234,236,238,239,238,242,244,251,253,254,254
2,2,2,4,7,7,10,11,12,13,26,26,27,28,28,33,37,37,47,49,50,54,58,64,65,68,69,70,71,71,75,75,81,81,85,86,90,91,91,93,95,98,98,100,102,107,107,107,108,118,120,124,124,125,127,130,133,138,139,140,141,142,145,147,150,151,152,153,156,157,160,161,162,163,165,166,169,169,173,173,180,180,181,183,187,190,192,195,195,201,201,205,207,209,222,225,226,228,229,230,231,232,235,237,237,237,240,242,249,251,252,252,252,253,259,260,265,267,270,275,283,283,301,302,305,306,307,309,311,312,312,313,317,321,322,326,326,327,329,329,330,334
4,2,7,7,10,10,13,12,26,26,28,27,28,37,33,37,50,47,49,54,58,68,64,65,70,69,71,71,72,72,77,75,85,86,87,86,90,97,93,95,97,101,98,107,108,107,107,118,124,120,125,124,127,130,138,133,142,139,140,141,150,145,147,153,151,152,162,156,157,160,161,166,163,165,169,169,170,169,176,174,187,181,183,190,191,190,192,197,196,205,222,207,209,225,226,229,228,231,230,237,232,235,237,237,240,242,251,249,252,252,253,252,265,259,260,267,279,269,275,278,301,307,302,305,306,313,309,311,312,312,317,321,322,326,326,327,329,329,331,329,330,335
4,2,7,7,10,13,14,17,26,26,28,29,32,37,33,37,50,47,49,54,58,68,64,65,72,75,80,81,83,84,87,90,91,93,94,95,98,100,102,102,104,104,106,108,111,111,115,118,124,120,125,124,129,130,138,133,142,139,140,144,150,146,147,153,152,155,162,157,159,164,166,167,171,173,176,180,181,183,185,187,192,192,195,198,201,202,206,208,208,211,222,211,213,225,226,229,230,233,234,237,236,241,242,244,245,248,251,249,256,258,262,266,270,271,282,283,286,288,292,295,301,307,302,306,306,313,310,316,317,319,320,322,323,326,330,333,334,338,338,341,342,345
7,5,9,14,13,17,18,24,28,29,33,32,34,41,36,39,54,49,52,58,62,75,72,68,81,80,84,83,91,87,90,94,93,95,98,102,100,102,104,104,111,106,108,111,115,115,119,120,129,123,128,130,133,135,140,135,146,143,144,147,152,155,151,157,154,159,166,164,162,167,173,171,181,176,180,185,183,187,192,192,195,201,198,202,208,206,208,211,211,213,224,220,217,230,229,233,234,236,238,242,241,245,244,248,248,250,270,256,258,262,266,271,283,282,286,295,288,292,295,298,306,317,306,310,309,316,313,320,319,322,323,324,333,330,334,338,338,341,342,345,351,349
22,20,24,29,28,32,33,39,43,44,48,47,49,56,51,54,69,64,67,73,77,90,87,83,96,95,99,98,106,102,105,109,108,110,113,117,115,117,119,119,126,121,123,126,130,130,134,135,144,138,143,145,148,150,155,150,161,158,159,162,167,170,166,172,169,174,181,179,177,182,188,186,196,191,195,200,198,202,207,207,210,216,213,217,223,221,223,226,226,228,239,235,232,245,244,248,249,251,253,257,256,260,259,263,263,265,285,271,273,277,281,286,298,297,301,310,303,307,310,313,321,332,321,325,324,331,328,335,334,337,338,339,348,345,349,353,353,356,357,360,366,364
