1,1,1,1,3,3,8,9,11,13,14,14,16,16,18,20,21,21,21,22,22,26,27,28,29,30,31,31,33,35,35,36,36,41,44,45,46,48,50,51,51,51,54,55,55,60,60,61,61,62,65,67,68,68,71,71,73,74,75,76,80,80,82,85,87,88,92,93,93,94,95,96,99,100,101,105,106,106,108,109,109,109,110,111,113,117,119,122,123,125,125,126,126,129,129,130,130,131,134,135,136,140,142,142,143,147,147,148,150,151,152,153,154,154,155,156,160,163,164,166,170,173,175,175,178,179,179,181,182,183,183,184,184,184,185,186,188,188,198,200
1,1,1,1,3,3,8,9,11,13,14,14,16,16,18,20,21,21,21,22,22,26,27,28,29,30,31,31,33,35,35,36,36,41,44,45,46,48,50,51,51,51,54,55,55,60,60,61,61,62,65,67,68,68,71,71,73,74,75,76,80,80,82,85,87,88,92,93,93,94,95,96,99,100,101,105,106,106,108,109,109,109,110,111,113,117,119,122,123,125,125,126,126,129,129,130,130,131,134,135,136,140,142,142,143,147,147,148,150,151,152,153,154,154,155,156,160,163,164,166,170,173,175,175,178,179,179,181,182,183,183,184,184,184,185,186,188,188,198,200
3,2,2,3,5,5,10,10,12,14,15,16,18,18,19,22,22,23,22,24,23,28,29,29,30,32,32,32,35,37,37,38,38,43,46,46,48,49,51,53,52,53,56,57,57,61,62,62,62,63,66,68,69,70,73,73,75,76,77,78,82,82,83,87,88,89,94,95,95,96,97,97,101,101,102,107,107,107,110,111,111,110,112,113,115,119,120,124,124,126,127,128,128,131,130,132,132,132,136,136,138,142,144,144,145,148,149,150,152,152,153,154,156,155,156,157,161,165,165,168,172,175,177,177,179,181,181,183,183,185,185,186,186,186,186,187,190,190,199,201
3,2,2,3,5,6,10,10,12,14,15,16,18,18,21,25,26,28,29,29,30,31,32,33,36,36,37,37,38,39,46,46,46,48,52,54,54,54,56,56,63,63,63,64,67,68,70,70,71,74,75,75,79,79,79,82,82,83,87,87,90,92,95,95,95,98,99,99,99,104,104,104,108,108,117,117,117,118,120,127,127,127,136,136,136,136,138,142,142,143,148,151,154,154,155,155,155,157,157,157,160,166,166,167,167,169,171,177,177,179,179,181,183,184,184,185,187,193,193,193,194,198,198,198,200,202,202,202,205,205,208,208,209,213,216,219,223,223,226,226
6,6,2,4,12,8,12,16,16,14,28,16,26,21,25,29,29,32,30,31,36,36,33,37,40,37,39,38,40,41,53,48,50,48,52,60,55,54,57,57,68,67,64,69,70,75,71,74,75,78,76,75,80,83,79,91,85,85,92,88,90,92,97,97,98,98,101,101,102,109,106,106,112,109,118,121,119,122,122,130,130,129,136,137,143,141,141,148,154,154,151,163,155,155,155,157,157,158,157,161,164,169,166,173,170,173,176,181,177,190,183,184,184,185,188,186,187,194,196,196,196,200,201,201,201,204,208,207,205,209,228,219,213,216,223,223,227,226,226,231
6,6,2,4,12,8,12,16,16,14,28,16,26,21,25,29,29,32,31,33,36,36,37,39,43,46,46,50,52,53,54,55,56,59,61,63,64,66,67,70,70,71,72,73,73,76,79,79,82,82,83,86,87,90,91,92,92,95,96,98,98,99,101,103,104,107,108,111,113,117,117,120,123,124,127,130,132,136,136,138,140,142,142,145,147,148,148,150,154,154,152,163,156,156,160,164,166,167,168,171,174,176,177,179,179,181,182,183,184,190,187,189,193,194,196,197,198,199,200,201,202,205,205,208,208,209,212,212,214,214,228,219,215,217,223,223,227,226,226,231
10,9,6,8,16,10,16,18,19,16,31,18,29,27,27,33,33,37,36,36,39,46,43,46,53,50,54,52,59,55,56,61,66,63,64,71,67,70,70,72,73,73,79,76,82,79,83,82,90,86,87,92,91,92,98,96,95,99,98,117,101,103,104,108,107,111,120,113,117,132,124,123,127,138,130,136,136,147,140,142,142,145,148,148,156,152,150,153,164,156,155,167,177,160,163,166,168,171,179,174,176,179,181,183,182,189,184,187,194,193,196,192,197,198,199,200,201,202,205,205,209,208,208,212,212,214,215,214,217,218,232,225,219,219,226,227,235,228,230,233
25,24,21,23,31,25,31,33,34,31,46,33,44,42,42,48,48,52,51,51,54,61,58,61,68,65,69,67,74,70,71,76,81,78,79,86,82,85,85,87,88,88,94,91,97,94,98,97,105,101,102,107,106,107,113,111,110,114,113,132,116,118,119,123,122,126,135,128,132,147,139,138,142,153,145,151,151,162,155,157,157,160,163,163,171,167,165,168,179,171,170,182,192,175,178,181,183,186,194,189,191,194,196,198,197,204,199,202,209,208,211,207,212,213,214,215,216,217,220,220,224,223,223,227,227,229,230,229,232,233,247,240,234,234,241,242,250,243,245,248
