1,1,1,1,1,4,6,7,8,10,10,10,11,14,17,17,18,18,20,20,21,21,22,23,25,25,26,26,27,31,32,36,39,41,41,42,43,43,45,46,46,48,49,49,50,50,50,51,53,56,56,56,56,58,59,60,61,61,62,62,71,71,72,72,75,76,76,77,81,82,82,84,86,89,90,90,91,91,92,95,97,98,98,101,101,103,103,105,106,106,111,111,112,114,120,121,123,125,125,126,127,129,130,131,131,131,132,140,141,141,144,144,147,149,151,152,152,152,153,154,161,165,165,171,176,176,176,177,179,180,180,181,181,183,185,186,189,194,196,196,199,200
1,1,1,1,1,4,6,7,8,10,10,10,11,14,17,17,18,18,20,20,21,21,22,23,25,25,26,26,27,31,32,36,39,41,41,42,43,43,45,46,46,48,49,49,50,50,50,51,53,56,56,56,56,58,59,60,61,61,62,62,71,71,72,72,75,76,76,77,81,82,82,84,86,89,90,90,91,91,92,95,97,98,98,101,101,103,103,105,106,106,111,111,112,114,120,121,123,125,125,126,127,129,130,131,131,131,132,140,141,141,144,144,147,149,151,152,152,152,153,154,161,165,165,171,176,176,176,177,179,180,180,181,181,183,185,186,189,194,196,196,199,200
2,3,3,2,3,5,8,8,10,11,12,11,12,16,19,18,20,19,21,22,22,22,24,25,27,26,28,28,29,32,33,37,41,43,42,44,44,45,46,48,47,49,51,51,52,52,51,53,55,58,58,57,57,59,61,61,62,63,64,64,73,73,74,74,76,78,77,78,83,83,84,86,87,91,92,91,93,92,93,97,99,99,99,102,103,104,105,106,107,107,112,113,114,115,122,122,124,126,126,127,129,130,131,132,133,132,134,142,143,142,146,145,149,151,152,153,154,154,155,155,162,166,166,173,178,177,177,179,180,181,182,183,183,184,187,187,190,195,197,198,201,201
2,3,3,2,4,5,8,11,13,14,14,17,19,19,19,21,21,22,23,23,26,27,28,30,31,32,32,38,38,38,41,41,44,44,46,46,48,49,52,54,55,55,56,57,58,60,62,65,69,72,73,74,76,77,77,77,77,78,79,81,81,82,85,89,89,89,89,93,93,93,97,97,98,98,99,100,101,102,105,105,106,108,110,113,114,115,117,118,118,121,121,122,124,125,125,125,126,128,129,132,135,135,140,142,144,147,149,150,151,152,152,153,156,159,160,163,164,165,166,166,168,168,169,173,178,177,177,179,180,181,182,183,183,184,187,188,190,195,197,198,201,201
3,11,4,4,14,5,13,17,14,19,19,21,21,19,23,23,22,32,26,27,28,30,35,31,31,33,35,40,39,44,55,44,46,48,46,54,49,52,56,55,58,62,57,72,60,78,65,69,73,76,74,77,81,77,77,77,81,79,82,89,89,82,91,89,91,89,90,100,97,97,99,98,98,102,108,101,105,105,110,106,125,114,113,118,115,117,122,118,121,121,124,125,125,128,126,129,135,132,135,147,142,140,153,144,149,152,150,151,152,163,156,159,160,164,166,165,168,166,171,168,169,169,175,178,178,179,177,180,182,183,183,190,188,187,188,188,199,197,204,201,214,208
3,11,4,4,14,7,13,17,14,19,19,21,22,24,26,28,28,32,28,32,37,37,38,41,41,42,44,45,46,47,55,47,48,49,49,54,51,52,56,55,59,62,59,72,60,78,65,69,73,76,74,77,81,78,82,85,85,88,88,89,91,92,93,93,94,95,97,100,97,98,101,102,104,105,108,106,107,110,110,110,125,114,113,118,116,117,122,120,121,123,124,126,127,129,131,133,135,133,136,147,142,140,153,144,149,152,150,151,156,163,157,159,160,164,166,165,168,168,171,168,172,173,175,178,178,179,177,183,183,185,186,190,188,187,189,191,199,197,204,201,214,208
7,13,9,8,17,9,17,21,17,22,24,28,26,28,28,32,32,37,37,38,41,41,42,45,44,46,47,47,48,49,59,49,51,52,54,57,55,55,60,59,63,68,67,74,64,82,68,73,77,78,78,88,85,81,85,89,88,91,92,93,93,94,97,95,97,98,100,104,101,102,105,110,106,107,110,110,110,117,113,117,127,116,116,121,120,122,126,124,123,125,129,131,133,133,133,138,139,136,138,149,147,144,156,147,152,157,153,158,160,167,161,163,164,168,168,168,172,173,173,172,174,175,177,183,183,185,179,186,187,189,188,196,195,191,191,193,209,200,207,207,218,210
22,28,24,23,32,24,32,36,32,37,39,43,41,43,43,47,47,52,52,53,56,56,57,60,59,61,62,62,63,64,74,64,66,67,69,72,70,70,75,74,78,83,82,89,79,97,83,88,92,93,93,103,100,96,100,104,103,106,107,108,108,109,112,110,112,113,115,119,116,117,120,125,121,122,125,125,125,132,128,132,142,131,131,136,135,137,141,139,138,140,144,146,148,148,148,153,154,151,153,164,162,159,171,162,167,172,168,173,175,182,176,178,179,183,183,183,187,188,188,187,189,190,192,198,198,200,194,201,202,204,203,211,210,206,206,208,224,215,222,222,233,225
