1,1,1,1,9,10,14,15,17,19,20,20,21,22,23,23,27,27,27,31,31,37,38,41,44,45,45,45,49,54,54,55,55,56,57,59,61,62,63,64,64,66,66,67,67,69,69,71,71,73,75,76,77,79,79,79,83,85,89,90,91,92,94,95,99,101,103,104,106,108,111,113,114,116,119,120,121,122,123,125,126,126,131,131,131,131,131,134,136,137,138,143,148,148,151,152,153,155,155,155,155,155,158,162,162,164,164,166,166,167,167,169,171,172,172,175,177,177,177,178,180,180,181,181,181,182,182,184,188,190,190,192,193,197,198,201
1,1,1,1,9,10,14,15,17,19,20,20,21,22,23,23,27,27,27,31,31,37,38,41,44,45,45,45,49,54,54,55,55,56,57,59,61,62,63,64,64,66,66,67,67,69,69,71,71,73,75,76,77,79,79,79,83,85,89,90,91,92,94,95,99,101,103,104,106,108,111,113,114,116,119,120,121,122,123,125,126,126,131,131,131,131,131,134,136,137,138,143,148,148,151,152,153,155,155,155,155,155,158,162,162,164,164,166,166,167,167,169,171,172,172,175,177,177,177,178,180,180,181,181,181,182,182,184,188,190,190,192,193,197,198,201
3,2,3,2,11,11,16,17,18,20,22,22,23,23,25,25,29,28,28,33,32,39,40,43,46,46,46,47,51,55,56,57,57,57,58,60,62,64,64,65,65,68,68,69,69,70,71,72,72,75,77,78,79,81,81,81,84,86,90,92,93,93,96,96,100,102,105,105,108,110,113,114,115,118,121,122,123,123,124,127,128,128,133,133,132,132,133,135,137,139,140,144,149,150,153,154,155,156,157,157,157,157,160,164,163,165,166,168,167,168,168,171,173,174,173,176,179,178,178,179,181,181,183,183,183,184,183,186,189,191,191,193,194,198,200,203
3,2,3,2,11,11,16,17,18,21,22,24,24,29,31,32,33,37,39,39,40,40,42,43,46,46,47,48,51,55,56,57,57,59,59,60,62,64,64,68,68,69,69,71,75,75,79,79,79,80,80,80,80,81,81,81,84,86,90,92,93,94,96,99,101,102,105,105,108,110,113,114,115,118,121,122,123,123,124,127,128,133,134,135,137,138,139,140,142,142,142,144,149,150,153,154,155,157,159,160,162,163,163,164,163,165,166,168,167,169,169,171,173,174,173,176,179,178,178,180,182,182,183,183,190,192,193,193,197,197,203,203,204,206,209,210
5,4,5,3,11,17,24,31,21,22,24,32,29,43,33,39,37,39,42,40,40,47,43,43,48,51,57,53,52,55,62,59,75,59,60,63,63,69,68,68,75,69,71,79,89,79,79,80,81,80,80,80,80,81,82,82,89,94,101,92,94,99,101,102,104,102,114,108,113,117,115,120,120,126,121,122,138,124,133,128,137,134,135,140,145,139,142,142,142,144,147,148,150,153,159,163,157,163,160,162,163,164,164,167,165,166,169,169,173,171,170,172,177,176,180,177,182,178,182,183,192,183,197,190,193,193,206,197,203,203,204,214,209,210,213,215
5,4,5,3,11,17,24,31,21,22,24,32,29,43,33,39,37,39,42,40,40,47,43,44,48,51,57,53,52,55,62,59,75,59,60,63,63,69,68,68,75,69,72,79,89,79,79,80,81,80,83,84,84,85,86,87,89,94,101,92,94,99,101,102,104,102,114,108,113,117,115,120,120,126,121,122,138,124,133,128,137,134,135,140,145,139,142,142,142,144,147,148,150,153,159,163,157,163,160,162,163,164,165,167,165,166,169,169,173,171,170,172,177,176,180,177,182,178,182,183,192,183,197,190,193,193,206,197,203,203,204,214,209,210,213,215
8,7,8,7,13,26,28,37,25,28,28,36,33,46,35,42,39,43,47,44,46,51,45,46,50,61,61,57,55,57,65,63,78,62,64,73,66,72,72,72,79,75,75,83,91,85,82,86,84,84,89,87,91,88,90,91,93,98,103,95,98,108,104,104,108,104,119,111,117,121,123,127,123,134,124,128,144,128,136,130,141,138,139,142,147,142,145,145,146,148,153,152,154,156,162,165,161,166,164,165,167,167,168,171,167,169,171,175,176,174,173,175,181,179,183,182,184,183,186,186,202,187,201,192,196,199,208,199,213,205,212,216,212,213,216,218
23,22,23,22,28,41,43,52,40,43,43,51,48,61,50,57,54,58,62,59,61,66,60,61,65,76,76,72,70,72,80,78,93,77,79,88,81,87,87,87,94,90,90,98,106,100,97,101,99,99,104,102,106,103,105,106,108,113,118,110,113,123,119,119,123,119,134,126,132,136,138,142,138,149,139,143,159,143,151,145,156,153,154,157,162,157,160,160,161,163,168,167,169,171,177,180,176,181,179,180,182,182,183,186,182,184,186,190,191,189,188,190,196,194,198,197,199,198,201,201,217,202,216,207,211,214,223,214,228,220,227,231,227,228,231,233
