1,1,1,1,1,1,1,5,8,9,10,13,13,13,15,19,19,21,21,23,24,24,27,29,34,35,37,38,38,40,42,43,48,50,51,51,53,55,57,59,63,65,65,67,71,72,72,72,76,78,80,85,87,91,93,94,95,95,96,96,97,97,99,100,102,105,107,109,109,110,115,117,118,119,122,123,124,125,128,128,129,129,132,136,138,139,140,141,142,143,143,144,148,148,149,149,150,151,152,154,158,159,160,163,164,169,169,170,171,172,173,177,177,180,181,181,182,182,186,188,190,195,199
1,1,1,1,1,1,1,5,8,9,10,13,13,13,15,19,19,21,21,23,24,24,27,29,34,35,37,38,38,40,42,43,48,50,51,51,53,55,57,59,63,65,65,67,71,72,72,72,76,78,80,85,87,91,93,94,95,95,96,96,97,97,99,100,102,105,107,109,109,110,115,117,118,119,122,123,124,125,128,128,129,129,132,136,138,139,140,141,142,143,143,144,148,148,149,149,150,151,152,154,158,159,160,163,164,169,169,170,171,172,173,177,177,180,181,181,182,182,186,188,190,195,199
2,3,2,2,2,3,3,7,10,11,12,15,15,14,17,20,21,23,23,25,26,26,29,31,35,36,38,39,40,42,43,45,49,52,52,53,55,57,59,60,64,66,67,69,72,73,74,73,78,80,81,87,89,93,94,96,96,96,97,98,98,99,101,102,104,106,109,110,111,112,116,119,120,121,123,125,125,127,129,129,131,130,133,138,139,141,142,143,143,144,144,146,149,149,151,151,152,153,153,155,159,161,162,164,166,170,171,171,172,173,174,179,178,181,182,182,184,184,188,190,192,197,200
2,3,2,2,3,3,3,9,10,11,14,17,18,24,24,25,27,31,31,32,34,36,39,39,41,41,44,45,46,46,46,47,49,52,56,57,57,58,59,60,64,66,67,69,72,73,74,73,78,81,82,87,89,93,94,96,96,99,101,101,103,104,105,108,110,110,112,113,113,115,118,119,120,122,123,125,126,127,129,131,133,137,137,143,144,144,145,145,146,148,149,151,153,153,154,154,154,154,155,155,159,161,165,166,167,170,171,171,172,173,174,179,178,181,182,182,184,184,188,190,193,197,200
3,3,3,10,3,9,9,17,14,24,18,25,24,36,27,31,32,31,34,39,39,41,45,41,44,52,46,46,46,47,59,49,56,57,57,58,59,61,66,62,70,67,68,72,77,81,84,74,82,85,89,94,91,105,95,101,99,101,104,103,110,112,108,110,123,113,113,119,115,118,119,122,131,124,127,126,137,128,137,133,144,143,144,149,151,145,145,146,148,154,158,153,153,154,154,154,155,158,155,180,166,165,167,167,168,171,172,173,177,174,176,179,180,184,182,190,193,186,200,193,196,198,200
3,3,3,10,3,9,9,17,14,24,18,25,24,36,27,31,32,31,34,39,39,41,45,41,44,52,46,46,46,48,59,49,56,57,57,58,60,61,66,62,70,67,68,72,77,81,84,74,82,85,89,94,91,105,95,101,99,101,104,103,110,112,108,110,123,113,113,119,115,118,119,122,131,124,127,126,137,128,137,133,144,143,144,149,151,145,145,146,148,154,158,153,153,154,155,155,157,158,157,180,166,165,167,167,168,171,172,173,177,174,176,179,180,184,182,190,193,186,200,193,196,198,200
7,7,6,14,9,11,12,19,18,27,30,43,26,38,29,35,36,35,40,42,43,44,49,43,48,57,50,49,50,51,62,51,61,63,60,61,67,68,72,68,74,70,70,86,84,83,91,76,85,87,93,97,95,107,99,116,104,104,106,113,112,115,111,114,127,116,117,122,118,120,123,126,134,132,129,130,141,131,140,137,148,145,147,153,155,154,149,149,150,157,172,157,155,158,158,157,161,160,159,183,169,167,171,171,171,176,176,176,179,177,185,181,183,187,184,193,199,193,204,197,205,202,204
22,22,21,29,24,26,27,34,33,42,45,58,41,53,44,50,51,50,55,57,58,59,64,58,63,72,65,64,65,66,77,66,76,78,75,76,82,83,87,83,89,85,85,101,99,98,106,91,100,102,108,112,110,122,114,131,119,119,121,128,127,130,126,129,142,131,132,137,133,135,138,141,149,147,144,145,156,146,155,152,163,160,162,168,170,169,164,164,165,172,187,172,170,173,173,172,176,175,174,198,184,182,186,186,186,191,191,191,194,192,200,196,198,202,199,208,214,208,219,212,220,217,219
