1,1,1,2,3,5,6,8,8,10,10,12,13,14,18,19,20,21,21,26,26,27,27,27,29,32,34,37,38,39,39,40,41,41,42,42,46,46,50,51,51,55,56,58,62,63,63,64,64,65,68,69,69,70,70,73,73,73,75,76,82,85,87,88,89,89,89,91,94,95,96,100,100,101,101,103,103,105,107,109,111,119,119,121,125,125,128,129,130,130,132,133,136,138,140,141,141,141,144,145,147,152,153,154,157,158,159,162,162,164,164,166,170,171,173,175,176,181,187,189,190,191,191,191,196
1,1,1,2,3,5,6,8,8,10,10,12,13,14,18,19,20,21,21,26,26,27,27,27,29,32,34,37,38,39,39,40,41,41,42,42,46,46,50,51,51,55,56,58,62,63,63,64,64,65,68,69,69,70,70,73,73,73,75,76,82,85,87,88,89,89,89,91,94,95,96,100,100,101,101,103,103,105,107,109,111,119,119,121,125,125,128,129,130,130,132,133,136,138,140,141,141,141,144,145,147,152,153,154,157,158,159,162,162,164,164,166,170,171,173,175,176,181,187,189,190,191,191,191,196
2,2,2,3,5,6,8,10,9,11,12,14,15,16,20,20,21,22,23,28,28,28,28,28,31,34,36,39,40,41,41,42,42,42,43,44,48,47,51,53,53,57,57,59,63,65,64,66,66,67,69,71,71,71,72,75,74,75,76,77,84,87,88,89,90,91,91,92,96,97,98,101,102,102,102,104,105,106,108,110,113,120,121,123,126,126,129,131,131,131,134,134,138,140,142,142,143,143,145,146,149,154,155,155,158,159,161,163,163,166,165,168,171,173,174,176,178,182,189,191,191,193,192,193,197
2,2,2,3,5,6,8,10,9,11,12,14,15,16,20,20,21,22,23,28,28,28,28,29,35,35,36,39,40,41,41,42,42,42,43,45,48,47,51,53,53,57,57,59,63,65,64,66,66,67,69,71,71,71,72,75,74,75,77,77,84,87,88,89,90,91,91,92,96,97,98,101,102,102,102,104,105,106,108,110,113,120,121,123,126,126,129,131,132,133,134,134,138,141,142,142,143,145,145,146,149,154,155,155,158,159,161,163,163,166,165,168,171,173,174,176,178,182,189,191,191,193,192,194,197
3,7,2,9,6,18,12,13,11,13,16,17,20,17,25,22,23,24,27,40,35,29,37,38,35,35,40,39,40,42,46,53,45,42,46,45,57,52,54,54,62,65,58,59,64,67,65,71,69,67,71,77,77,71,75,79,74,82,82,102,85,89,90,92,91,95,93,96,99,98,98,101,108,107,103,106,108,107,112,116,114,129,133,125,128,134,132,153,145,134,141,137,141,141,145,143,146,148,148,148,151,157,155,157,158,159,162,171,171,166,173,171,172,175,181,179,183,188,194,198,191,195,197,194,201
3,7,2,9,6,18,12,13,11,13,16,17,20,17,25,22,23,24,27,40,35,29,37,38,35,35,40,39,40,42,46,53,45,43,46,45,57,52,54,54,62,65,58,59,64,67,65,71,69,67,71,77,77,71,75,79,74,82,82,102,85,89,90,92,91,95,93,96,99,98,98,101,108,107,103,106,108,107,112,116,114,129,133,125,128,134,132,153,145,134,141,137,141,141,145,143,146,148,148,148,151,157,155,157,158,159,162,171,171,166,173,171,172,175,181,179,183,188,194,198,191,195,197,194,201
6,9,5,12,8,22,15,16,15,16,22,29,24,21,27,25,26,28,34,49,39,32,40,40,57,39,43,43,44,48,48,57,48,45,50,47,60,61,57,58,65,69,61,62,68,79,67,74,72,72,74,79,81,75,77,82,77,86,86,105,88,91,94,98,94,98,99,98,103,102,101,105,111,114,106,108,110,110,116,126,119,133,135,133,130,142,136,156,149,137,144,140,146,145,149,147,148,151,150,164,153,160,158,160,162,163,169,175,175,170,177,178,176,179,189,183,187,193,198,200,195,198,201,198,209
21,24,20,27,23,37,30,31,30,31,37,44,39,36,42,40,41,43,49,64,54,47,55,55,72,54,58,58,59,63,63,72,63,60,65,62,75,76,72,73,80,84,76,77,83,94,82,89,87,87,89,94,96,90,92,97,92,101,101,120,103,106,109,113,109,113,114,113,118,117,116,120,126,129,121,123,125,125,131,141,134,148,150,148,145,157,151,171,164,152,159,155,161,160,164,162,163,166,165,179,168,175,173,175,177,178,184,190,190,185,192,193,191,194,204,198,202,208,213,215,210,213,216,213,224
