1,1,1,1,1,1,6,6,6,9,11,11,13,13,14,16,17,17,20,21,23,25,27,31,32,32,33,34,35,36,39,41,41,41,42,43,48,48,49,49,51,53,54,55,55,56,59,59,64,65,66,66,68,69,69,72,72,73,75,78,79,79,79,80,81,81,82,83,85,87,90,90,97,98,99,102,104,107,107,108,108,108,109,110,110,110,112,113,118,119,119,122,124,126,127,128,130,131,132,133,135,135,136,137,139,139,143,144,147,149,149,150,154,155,157,159,160,160,161,164,165,166,166,166,168,169,172,172,173,173,174,180,181,183,184,186,188,188,189,190,190,191,193,195,199
1,1,1,1,1,1,6,6,6,9,11,11,13,13,14,16,17,17,20,21,23,25,27,31,32,32,33,34,35,36,39,41,41,41,42,43,48,48,49,49,51,53,54,55,55,56,59,59,64,65,66,66,68,69,69,72,72,73,75,78,79,79,79,80,81,81,82,83,85,87,90,90,97,98,99,102,104,107,107,108,108,108,109,110,110,110,112,113,118,119,119,122,124,126,127,128,130,131,132,133,135,135,136,137,139,139,143,144,147,149,149,150,154,155,157,159,160,160,161,164,165,166,166,166,168,169,172,172,173,173,174,180,181,183,184,186,188,188,189,190,190,191,193,195,199
2,3,3,3,2,2,8,7,7,11,12,12,14,14,16,17,19,19,22,22,25,26,29,32,34,34,34,36,36,37,41,42,42,43,44,45,49,49,50,51,53,54,56,56,57,58,61,60,66,67,67,68,69,70,70,74,73,74,77,80,81,81,80,82,83,82,84,84,87,89,91,91,99,100,101,104,106,109,109,110,110,109,111,111,112,111,114,114,120,120,121,123,126,127,128,130,131,133,133,134,136,136,137,138,141,141,144,146,149,151,150,152,155,157,159,161,161,161,163,165,166,168,167,167,169,171,174,174,175,174,176,182,183,184,186,188,189,190,191,191,192,193,195,196,200
2,3,3,3,2,2,8,7,9,11,12,12,14,14,16,17,19,19,22,22,25,26,29,32,34,34,34,36,36,37,41,42,42,43,44,45,49,49,50,51,53,54,56,58,60,62,62,64,66,69,70,70,71,71,71,74,73,76,77,80,81,82,80,82,83,84,85,86,87,89,91,91,99,100,101,104,106,109,109,110,111,109,112,118,118,118,119,120,121,121,122,123,126,127,128,130,131,133,133,134,136,136,138,138,141,141,144,146,149,151,150,154,158,159,160,163,165,166,167,167,169,171,171,173,175,177,179,180,181,182,183,183,187,188,188,189,189,190,191,193,195,197,198,198,200
9,6,10,9,2,4,15,9,12,11,13,20,15,15,17,26,23,19,26,25,27,29,37,32,34,39,44,36,38,37,42,52,45,46,48,47,49,54,58,64,56,66,60,62,62,71,71,76,69,70,70,78,73,71,72,76,82,76,82,83,84,85,81,96,86,88,89,87,87,91,100,91,100,103,101,109,111,118,118,121,112,110,118,120,119,129,122,121,122,127,123,127,127,130,132,139,131,138,134,135,139,143,138,138,158,144,144,167,159,154,151,160,171,165,163,166,175,169,167,173,171,180,179,177,188,187,181,182,183,189,183,189,188,189,198,191,193,202,195,197,202,198,200,204,201
9,6,10,9,2,4,15,9,12,12,14,20,15,16,18,26,23,19,26,25,27,30,37,32,34,39,44,36,38,37,42,52,45,46,48,47,49,54,58,64,56,66,60,62,62,71,71,76,69,70,70,78,74,74,77,79,82,81,82,83,85,85,81,96,86,89,89,92,93,93,100,94,100,103,101,109,111,118,118,121,112,110,118,121,121,129,122,121,124,127,125,127,128,130,132,139,131,138,134,135,139,143,138,138,158,144,144,167,159,154,151,160,171,165,163,166,175,169,167,173,171,180,179,177,188,187,181,182,183,189,183,189,188,192,198,193,195,202,196,197,202,199,201,205,205
12,10,14,15,5,8,20,12,16,15,18,27,18,22,21,30,27,23,31,34,36,37,39,36,39,42,47,40,40,39,45,54,52,49,52,51,52,58,70,68,60,70,62,66,64,74,77,79,81,74,72,81,77,79,81,85,86,83,85,93,94,89,84,100,89,92,93,102,97,95,103,98,103,110,105,113,115,121,121,124,121,114,121,124,125,133,125,128,127,129,129,130,132,133,140,142,134,140,138,138,143,145,142,142,160,148,147,176,164,156,155,163,175,169,167,171,182,173,171,177,175,184,183,179,195,193,183,188,185,191,186,197,192,197,202,196,205,205,199,201,206,203,211,208,209
27,25,29,30,20,23,35,27,31,30,33,42,33,37,36,45,42,38,46,49,51,52,54,51,54,57,62,55,55,54,60,69,67,64,67,66,67,73,85,83,75,85,77,81,79,89,92,94,96,89,87,96,92,94,96,100,101,98,100,108,109,104,99,115,104,107,108,117,112,110,118,113,118,125,120,128,130,136,136,139,136,129,136,139,140,148,140,143,142,144,144,145,147,148,155,157,149,155,153,153,158,160,157,157,175,163,162,191,179,171,170,178,190,184,182,186,197,188,186,192,190,199,198,194,210,208,198,203,200,206,201,212,207,212,217,211,220,220,214,216,221,218,226,223,224
