1,1,1,1,1,1,2,4,5,5,6,9,13,13,15,18,20,21,22,23,25,26,30,30,31,32,33,33,36,36,38,39,39,41,42,43,48,49,55,55,56,56,58,61,61,61,64,66,68,69,70,70,71,73,77,77,79,80,80,81,83,83,92,93,94,99,99,100,100,102,103,103,105,107,109,112,113,113,114,115,116,118,120,121,121,123,124,125,127,129,130,133,133,134,136,136,136,142,143,144,144,148,151,151,153,153,154,161,161,161,162,163,164,164,165,165,168,168,169,169,173,173,176,176,177,178,178,178,179,179,182,182,183,184,187,189,191,198
1,1,1,1,1,1,2,4,5,5,6,9,13,13,15,18,20,21,22,23,25,26,30,30,31,32,33,33,36,36,38,39,39,41,42,43,48,49,55,55,56,56,58,61,61,61,64,66,68,69,70,70,71,73,77,77,79,80,80,81,83,83,92,93,94,99,99,100,100,102,103,103,105,107,109,112,113,113,114,115,116,118,120,121,121,123,124,125,127,129,130,133,133,134,136,136,136,142,143,144,144,148,151,151,153,153,154,161,161,161,162,163,164,164,165,165,168,168,169,169,173,173,176,176,177,178,178,178,179,179,182,182,183,184,187,189,191,198
2,3,2,2,3,2,4,6,7,7,7,10,15,14,17,19,21,22,24,25,27,27,31,31,33,34,34,35,38,37,39,40,41,42,44,45,49,51,56,57,57,57,60,63,62,63,65,68,70,71,71,72,73,74,78,79,81,82,82,82,84,84,94,95,96,101,101,101,102,104,104,104,106,108,111,114,115,114,115,117,117,120,122,123,122,124,125,126,128,130,131,135,134,135,137,137,138,144,144,145,145,149,152,153,155,154,155,163,162,163,163,165,165,165,167,167,170,169,171,171,175,175,177,178,178,180,180,180,180,181,183,184,184,185,189,191,193,200
2,3,2,2,4,2,4,6,7,8,9,10,15,14,17,19,21,22,24,25,27,30,34,34,35,37,41,41,42,43,46,48,50,50,50,51,52,52,56,57,57,57,60,63,62,63,65,68,70,72,72,72,73,74,78,79,81,82,82,82,84,84,94,95,96,101,101,101,106,108,108,111,111,114,114,116,118,118,119,121,121,123,124,126,126,131,131,131,133,133,134,135,134,138,139,139,140,144,144,145,145,149,152,153,155,154,155,163,162,163,163,165,165,165,167,167,170,169,171,171,175,175,177,178,178,180,180,180,181,184,186,187,190,190,191,191,193,200
10,4,6,4,8,3,9,7,9,14,11,12,16,21,19,23,27,41,42,30,37,34,34,35,41,43,48,50,55,46,52,50,51,50,57,52,54,53,58,58,58,61,61,69,64,72,73,73,72,72,73,73,78,80,82,80,82,83,83,91,87,86,95,97,111,111,106,108,108,114,119,116,114,118,121,124,118,131,121,123,126,126,134,131,131,133,139,133,135,134,140,138,141,139,140,142,141,145,145,147,155,152,153,160,156,154,155,163,162,168,165,166,166,169,168,167,177,170,172,174,178,176,179,190,180,186,192,181,184,187,190,191,193,191,194,198,203,207
10,4,6,4,8,3,9,7,9,14,11,12,16,21,19,23,27,41,42,30,37,34,34,35,41,43,48,50,55,46,52,50,51,50,57,54,54,54,58,58,59,61,61,69,64,72,73,73,72,72,74,75,78,80,82,80,82,83,83,91,87,86,95,97,111,111,106,108,108,114,119,116,114,118,121,124,118,131,121,124,126,127,134,131,131,133,139,133,135,134,140,138,141,139,143,143,145,146,147,147,155,152,153,160,156,154,155,163,162,168,165,166,166,169,168,167,177,171,172,174,178,176,179,190,180,186,192,181,184,187,190,191,193,191,194,198,203,207
12,8,10,8,12,5,13,11,16,17,19,14,20,23,23,25,29,48,44,32,40,37,38,39,43,49,51,54,59,50,54,54,54,54,60,62,58,56,70,61,62,64,63,74,67,76,75,76,76,74,79,77,80,87,86,83,85,86,85,93,91,93,98,101,113,120,110,112,111,117,129,120,130,120,124,129,125,134,124,127,130,130,145,133,133,135,149,140,138,139,143,142,147,143,147,146,147,148,151,151,160,156,155,163,160,156,158,166,166,171,169,170,172,173,172,171,186,175,176,177,181,181,183,194,182,189,194,186,193,191,193,204,195,195,198,203,207,210
27,23,25,23,27,20,28,26,31,32,34,29,35,38,38,40,44,63,59,47,55,52,53,54,58,64,66,69,74,65,69,69,69,69,75,77,73,71,85,76,77,79,78,89,82,91,90,91,91,89,94,92,95,102,101,98,100,101,100,108,106,108,113,116,128,135,125,127,126,132,144,135,145,135,139,144,140,149,139,142,145,145,160,148,148,150,164,155,153,154,158,157,162,158,162,161,162,163,166,166,175,171,170,178,175,171,173,181,181,186,184,185,187,188,187,186,201,190,191,192,196,196,198,209,197,204,209,201,208,206,208,219,210,210,213,218,222,225
