1,1,2,3,4,4,8,9,11,13,13,15,18,19,19,21,21,23,24,24,25,29,29,29,30,31,33,34,35,36,38,41,41,43,45,50,50,51,51,54,60,60,61,61,63,65,68,69,69,72,73,74,76,76,78,80,81,83,86,87,88,88,90,90,91,92,94,99,100,101,102,103,104,104,106,106,107,107,107,111,113,113,114,116,117,123,125,127,127,128,129,130,131,131,131,133,134,136,138,139,140,140,142,142,143,144,144,146,147,147,151,151,151,153,153,158,159,161,162,168,168,168,173,174,175,180,180,180,181,183,184,185,187,188,190,195,198,201,201
1,1,2,3,4,4,8,9,11,13,13,15,18,19,19,21,21,23,24,24,25,29,29,29,30,31,33,34,35,36,38,41,41,43,45,50,50,51,51,54,60,60,61,61,63,65,68,69,69,72,73,74,76,76,78,80,81,83,86,87,88,88,90,90,91,92,94,99,100,101,102,103,104,104,106,106,107,107,107,111,113,113,114,116,117,123,125,127,127,128,129,130,131,131,131,133,134,136,138,139,140,140,142,142,143,144,144,146,147,147,151,151,151,153,153,158,159,161,162,168,168,168,173,174,175,180,180,180,181,183,184,185,187,188,190,195,198,201,201
2,3,3,4,6,6,9,10,12,14,15,16,19,21,21,22,22,24,25,26,27,31,30,31,31,32,34,35,36,38,40,43,43,44,46,52,51,52,53,55,62,62,62,62,64,67,70,70,70,73,74,75,78,77,79,82,83,84,87,88,89,90,91,91,92,93,95,100,102,103,103,104,106,106,108,108,108,109,109,113,115,114,115,118,119,125,126,128,129,130,130,132,133,132,133,135,136,138,140,141,141,142,144,143,145,146,145,147,148,149,152,152,153,155,155,160,160,162,164,169,169,169,174,176,176,181,181,181,183,184,185,186,189,190,191,196,199,203,203
2,3,3,4,6,6,9,10,12,14,15,16,19,21,21,22,22,24,25,26,27,31,30,31,31,32,34,35,36,38,40,43,43,44,46,52,51,52,53,55,62,62,62,62,64,67,70,70,70,73,74,75,78,77,79,82,83,84,87,88,89,90,91,91,92,94,95,100,102,103,103,104,106,106,108,108,110,110,110,113,115,114,115,118,119,125,126,128,129,130,130,132,133,132,133,135,136,138,140,141,141,142,144,143,145,146,145,147,148,149,152,152,153,155,155,160,160,162,164,169,169,169,174,176,176,181,181,182,183,188,189,190,192,193,193,196,199,203,203
6,3,4,7,8,10,10,10,13,16,18,24,24,23,25,22,25,27,26,32,29,36,31,33,36,34,35,37,38,53,42,47,46,45,49,58,52,54,57,59,64,65,66,66,69,72,71,75,76,80,75,77,82,80,83,91,87,87,97,90,98,92,95,97,94,101,97,104,110,106,103,112,107,110,111,110,116,111,110,121,115,119,119,120,120,142,130,139,130,131,130,132,134,135,134,136,142,139,140,143,142,146,151,144,150,147,146,157,151,150,155,154,160,155,160,165,160,182,167,170,169,170,175,188,189,183,190,195,194,193,192,193,197,194,193,209,203,208,217
6,3,4,7,8,10,10,10,13,16,18,24,24,23,25,22,25,27,26,32,29,36,31,33,36,34,35,37,38,53,42,47,46,45,49,58,52,54,57,59,64,65,66,66,69,72,71,75,76,80,75,77,82,80,83,91,87,87,97,90,98,92,95,97,94,101,97,104,110,106,103,112,107,110,111,110,116,112,110,121,115,119,119,120,120,142,130,139,130,131,130,132,134,135,134,136,142,139,140,143,142,146,151,144,150,147,146,157,151,150,155,154,160,155,160,165,160,182,167,170,169,170,175,188,189,183,190,195,194,193,192,193,197,197,193,209,203,208,217
8,5,8,12,10,13,13,18,17,21,22,26,27,25,28,26,29,34,29,39,34,39,33,36,45,37,39,41,42,56,45,51,50,48,52,62,57,58,59,63,68,72,70,70,72,76,74,84,80,88,87,79,84,84,86,95,91,89,99,93,109,100,99,102,96,104,100,107,112,114,112,115,110,113,113,114,119,116,114,138,121,123,134,124,132,146,132,143,134,135,133,136,136,139,136,140,145,142,143,147,146,150,157,147,154,152,152,159,155,163,158,156,164,158,165,168,164,184,169,175,173,175,181,196,198,187,193,198,197,197,198,197,200,200,198,213,206,216,221
23,20,23,27,25,28,28,33,32,36,37,41,42,40,43,41,44,49,44,54,49,54,48,51,60,52,54,56,57,71,60,66,65,63,67,77,72,73,74,78,83,87,85,85,87,91,89,99,95,103,102,94,99,99,101,110,106,104,114,108,124,115,114,117,111,119,115,122,127,129,127,130,125,128,128,129,134,131,129,153,136,138,149,139,147,161,147,158,149,150,148,151,151,154,151,155,160,157,158,162,161,165,172,162,169,167,167,174,170,178,173,171,179,173,180,183,179,199,184,190,188,190,196,211,213,202,208,213,212,212,213,212,215,215,213,228,221,231,236
