1,1,1,1,2,3,4,5,5,7,10,10,12,12,13,14,15,16,17,17,18,19,21,24,25,27,28,28,29,31,31,31,35,37,37,38,41,45,45,46,49,49,50,51,54,54,55,55,55,56,56,61,61,63,63,64,66,67,68,69,69,70,70,72,72,72,76,77,77,78,80,82,84,84,85,88,93,94,96,98,98,99,101,101,101,103,106,108,111,112,113,114,115,116,116,117,119,120,122,122,124,127,128,131,131,132,132,134,138,138,142,142,144,147,147,150,151,152,152,155,156,156,158,161,161,161,162,162,162,164,167,168,168,170,170,171,172,172,173,176,176,178,185,186,188,194,195,198,198
1,1,1,1,2,3,4,5,5,7,10,10,12,12,13,14,15,16,17,17,18,19,21,24,25,27,28,28,29,31,31,31,35,37,37,38,41,45,45,46,49,49,50,51,54,54,55,55,55,56,56,61,61,63,63,64,66,67,68,69,69,70,70,72,72,72,76,77,77,78,80,82,84,84,85,88,93,94,96,98,98,99,101,101,101,103,106,108,111,112,113,114,115,116,116,117,119,120,122,122,124,127,128,131,131,132,132,134,138,138,142,142,144,147,147,150,151,152,152,155,156,156,158,161,161,161,162,162,162,164,167,168,168,170,170,171,172,172,173,176,176,178,185,186,188,194,195,198,198
3,3,3,2,3,4,6,7,7,9,12,11,14,14,14,15,17,18,19,19,20,21,22,25,26,29,29,29,31,33,33,33,36,38,38,39,42,46,47,47,50,51,51,52,56,55,56,56,56,57,57,62,62,65,65,65,68,69,69,71,70,72,71,73,73,74,78,79,78,79,82,84,85,86,87,90,95,96,98,99,100,100,103,103,103,104,108,109,112,113,114,116,116,118,118,118,121,122,123,123,125,129,129,132,133,133,133,136,139,140,143,144,145,148,148,152,152,153,153,157,157,157,159,162,163,162,164,163,163,165,168,170,170,171,171,173,174,173,174,177,177,179,186,188,190,196,197,200,200
3,3,3,2,3,4,6,7,7,9,12,11,14,14,15,16,17,18,19,19,20,21,22,25,26,29,29,29,31,33,33,33,36,38,39,40,42,46,47,47,50,51,51,52,56,55,56,56,57,59,60,62,62,65,65,65,68,69,69,71,70,72,71,73,74,75,78,79,78,79,82,84,85,86,87,90,95,96,98,99,100,100,103,103,103,104,108,109,112,113,114,116,116,118,118,119,121,122,123,125,126,129,129,132,133,133,133,136,139,140,143,144,145,148,148,152,152,153,153,157,157,157,159,162,163,162,164,163,163,166,168,170,170,171,171,173,174,173,174,177,177,180,186,188,190,196,197,200,200
23,9,4,4,4,6,7,17,8,10,15,12,16,17,21,17,17,23,20,26,22,26,28,26,26,48,30,31,34,36,39,46,40,45,43,42,46,46,53,49,52,53,57,55,61,61,61,59,60,60,63,75,65,70,71,66,68,71,71,78,74,76,71,75,78,76,93,87,79,81,84,94,86,100,88,95,96,102,100,103,108,104,107,118,104,108,109,110,113,121,117,127,121,119,130,120,135,125,127,126,127,132,129,134,134,135,139,138,144,147,143,146,150,149,149,156,153,154,159,158,158,158,162,162,168,170,166,166,166,167,173,180,172,173,175,175,187,173,189,194,180,186,189,189,193,198,198,203,204
23,9,4,4,4,6,8,17,11,11,15,13,16,17,21,19,19,23,20,26,22,26,28,26,27,48,30,31,34,36,39,46,40,45,43,42,47,49,53,49,52,53,57,55,61,61,61,59,60,60,64,75,65,70,71,66,68,71,71,78,74,76,72,76,78,77,93,87,80,81,84,94,86,100,88,95,96,102,100,103,108,104,107,118,104,108,109,111,113,121,117,127,121,119,130,120,135,125,127,126,128,132,130,134,134,137,141,143,144,147,145,148,150,149,150,156,153,154,159,158,160,161,163,164,168,170,166,167,169,171,174,180,177,177,178,179,187,181,189,194,181,186,189,191,193,198,198,203,204
27,11,11,15,8,11,13,19,13,15,19,17,19,19,25,21,21,26,23,38,24,30,30,28,29,52,36,35,38,39,42,49,43,49,47,48,51,52,59,53,57,56,59,59,63,67,64,63,64,65,68,77,69,72,75,69,71,78,73,86,76,80,76,79,88,81,97,98,83,83,87,96,92,103,90,97,99,106,104,107,111,107,114,121,108,119,113,115,116,125,119,130,125,123,134,128,144,133,130,128,130,159,134,148,137,141,143,145,148,150,149,150,153,152,154,163,160,157,165,161,167,164,178,169,177,177,169,170,171,174,184,184,181,179,181,181,191,193,192,198,187,189,192,193,196,200,202,209,207
42,26,26,30,23,26,28,34,28,30,34,32,34,34,40,36,36,41,38,53,39,45,45,43,44,67,51,50,53,54,57,64,58,64,62,63,66,67,74,68,72,71,74,74,78,82,79,78,79,80,83,92,84,87,90,84,86,93,88,101,91,95,91,94,103,96,112,113,98,98,102,111,107,118,105,112,114,121,119,122,126,122,129,136,123,134,128,130,131,140,134,145,140,138,149,143,159,148,145,143,145,174,149,163,152,156,158,160,163,165,164,165,168,167,169,178,175,172,180,176,182,179,193,184,192,192,184,185,186,189,199,199,196,194,196,196,206,208,207,213,202,204,207,208,211,215,217,224,222
